ogbn-arxiv,8192,nbr,10000000,0,0.06990814208984375,0.07636356353759766,0.06930994987487793,0.07845783233642578,0.07785153388977051,
ogbn-arxiv,1024,nbr,10000000,0,0.24666285514831543,0.24996304512023926,0.24123406410217285,0.24318718910217285,0.23417019844055176,
ogbn-papers100M,8192,nbr,10000000,0,4.111325740814209,3.0607738494873047,2.9255383014678955,3.0623371601104736,3.096104621887207,
ogbn-papers100M,1024,nbr,10000000,0,7.772124767303467,6.949594497680664,6.99055814743042,6.679495573043823,7.034969329833984,
friendster,8192,nbr,10000000,0,5.96747612953186,4.88224196434021,4.906029939651489,4.8318657875061035,4.713624715805054,
friendster,1024,nbr,10000000,0,9.097665548324585,7.973574161529541,8.197985649108887,7.840817928314209,8.019638299942017,
twitter,8192,nbr,10000000,0,4.488194704055786,3.27606201171875,3.2673892974853516,3.3210883140563965,3.3104240894317627,
twitter,1024,nbr,10000000,0,8.23157525062561,7.108215808868408,7.204493522644043,7.329725503921509,7.090157747268677,
2024-11-09 11:07:24,ogbn-products,1024,nbr,10000000,0,1.8177521228790283,1.7891557216644287,1.773923397064209,1.7864832878112793,1.919940710067749,
2024-11-09 11:07:49,ogbn-products,8192,nbr,10000000,0,1.5691781044006348,1.6522183418273926,1.545609951019287,1.6492164134979248,1.6335339546203613,
2024-11-09 11:44:58,igbn-medium,1024,nbr,10000000,0,48.28904700279236,46.92697215080261,46.98068904876709,47.097047090530396,47.06231117248535,
2024-11-09 11:51:01,igbn-medium,8192,nbr,5000000,0,54.824920892715454,52.40530014038086,52.478320837020874,52.57537269592285,52.526302099227905,
