2024-12-11 14:36:44,ogbn-papers100M,1024,20,6,[20,80]
E2E,Train,Overhead1,Overhead2
19.03395438194275,9.5410795211792,2.5827744007110596,0.0060842037200927734
17.4924795627594,8.318338394165039,2.505164384841919,0.006107807159423828
17.491028308868408,8.298961639404297,2.4932892322540283,0.006058454513549805
17.328261137008667,8.322603940963745,2.524536609649658,0.006055355072021484
17.43318748474121,8.404329776763916,2.5414817333221436,0.006193637847900391
17.650540113449097,8.338174819946289,2.550018072128296,0.0060863494873046875
Extraction(Cumulative): 26.583477020263672,133.3815677165985

2024-12-11 14:42:21,ogbn-papers100M,8192,20,6,[20,80]
E2E,Train,Overhead1,Overhead2
6.8789222240448,2.9739654064178467,1.2950611114501953,0.0009188652038574219
5.660653352737427,1.849419355392456,1.1925313472747803,0.0009138584136962891
5.607928037643433,1.8658509254455566,1.2069542407989502,0.0008904933929443359
5.648752689361572,1.8550264835357666,1.2035846710205078,0.0009636878967285156
5.700360059738159,1.8417706489562988,1.2093770503997803,0.0009126663208007812
5.785868167877197,1.8864927291870117,1.2502729892730713,0.0009119510650634766
Extraction: 17.363428592681885,62.091057062149052024-12-11 16:06:08,ogbn-papers100M,1000,20,6,[20,80]
19.33881640434265,9.777171611785889,2.564718246459961,0.006024837493896484
17.851952075958252,8.720746994018555,2.5506820678710938,0.006409168243408203
17.995270252227783,8.661741733551025,2.561575174331665,0.0063495635986328125
17.84525465965271,8.768608570098877,2.5259828567504883,0.006277561187744141
17.913933992385864,8.818995714187622,2.5702152252197266,0.006322383880615234
17.753702640533447,8.69917607307434,2.5293569564819336,0.006317853927612305
26.907330989837646,132.8546757698059
