2024-11-22 09:35:18,friendster,8192,nbr,10000000,0,5.242376804351807,4.063952445983887,5.007519006729126,5.029301881790161,4.058316469192505,
2024-11-22 09:37:06,friendster,1024,nbr,10000000,0,7.410231351852417,6.581511735916138,7.5852952003479,7.608510494232178,7.6066954135894775,
2024-11-22 09:44:01,twitter,8192,nbr,10000000,0,4.2768943309783936,3.087480068206787,3.305532932281494,3.040618419647217,3.294779062271118,
2024-11-22 09:45:18,twitter,1024,nbr,10000000,0,6.755704641342163,5.79568338394165,5.886531591415405,5.764724254608154,5.749903440475464,
2024-11-22 09:51:07,ogbn-papers100M,8192,nbr,10000000,0,3.6396210193634033,2.5721731185913086,3.1072354316711426,2.554407835006714,2.5499722957611084,
2024-11-22 09:52:27,ogbn-papers100M,1024,nbr,10000000,0,6.407197952270508,5.201482057571411,6.246269226074219,6.007155895233154,5.8709986209869385,
2024-11-20 18:07:55,igb-large,8192,nbr,80449000,0,41.632428884506226,40.477320194244385,39.366676568984985,
2024-11-20 18:15:31,igb-large,1024,nbr,80449000,0,161.07959699630737,168.74638843536377,159.1095130443573,
2024-11-23 22:38:33,friendster,8192,nbr,12000000,0,5.2957282066345215,4.950080633163452,4.413052320480347,4.324511528015137,4.870340585708618,
2024-11-23 22:40:19,friendster,1024,nbr,12000000,0,7.73341178894043,6.451674699783325,7.769084692001343,6.4967100620269775,7.759324550628662,
2024-11-23 22:47:37,twitter,8192,nbr,12000000,0,4.291532278060913,2.979116201400757,3.2227561473846436,3.2135708332061768,2.973217010498047,
2024-11-23 22:48:52,twitter,1024,nbr,12000000,0,7.413463115692139,6.175105333328247,6.223372220993042,6.147287845611572,6.106884479522705,
2024-11-23 22:54:34,ogbn-papers100M,8192,nbr,12000000,0,3.706611394882202,2.791642189025879,2.640848398208618,3.1109695434570312,2.691572904586792,
2024-11-23 22:55:54,ogbn-papers100M,1024,nbr,12000000,0,6.6315882205963135,5.349957227706909,6.058501243591309,5.9503679275512695,5.999638557434082,
2024-11-26 10:04:19,igb-large,8192,nbr,80449000,0,43.773188829422,40.74577975273132,40.810524225234985,40.813292026519775,40.87322688102722,
2024-11-26 10:13:21,igb-large,1024,nbr,80449000,0,168.87998032569885,166.14481115341187,166.67594814300537,164.90104126930237,165.46563339233398,
2024-12-03 13:16:00,igb-large,1024,nbr,80449000,0,144.37915229797363,140.74203515052795,141.81177687644958,142.53703451156616,142.96549940109253,
2024-12-05 23:51:26,ogbn-papers100M,8192,nbr,12000000,0,4.786000728607178,3.8075828552246094,3.8093197345733643,3.8139400482177734,3.811756134033203,
2024-12-05 23:53:32,ogbn-papers100M,8192,nbr,12000000,0,3.6962239742279053,3.223275899887085,2.6016769409179688,3.1807377338409424,2.5958974361419678,

#Measured via CGG:
2024-12-11 12:39:06,friendster,8192,nbr,12000000,0,7.856663227081299,0.6713356971740723,4.569445371627808,6.608432054519653,0.6897232532501221,3.340029001235962,6.689209938049316,0.6907539367675781,3.329852342605591,6.600626707077026,0.6887533664703369,3.320539712905884,6.5867085456848145,0.6905653476715088,3.3210628032684326,
2024-12-11 12:40:39,friendster,1024,nbr,12000000,0,12.087118864059448,1.578881025314331,5.833618640899658,10.780884981155396,1.5828635692596436,4.6969685554504395,11.037397623062134,1.5997161865234375,4.732532501220703,11.032358646392822,1.5972669124603271,4.756221294403076,11.046695470809937,1.5960094928741455,4.761027097702026,
2024-12-11 12:47:12,twitter,8192,nbr,12000000,0,5.1377198696136475,0.35538220405578613,3.8921563625335693,3.747875452041626,0.3802487850189209,2.553938865661621,3.7460410594940186,0.3819751739501953,2.549014091491699,3.7339096069335938,0.38224339485168457,2.5397567749023438,3.7350871562957764,0.3805396556854248,2.538248300552368,
2024-12-11 12:48:23,twitter,1024,nbr,12000000,0,9.319276571273804,0.9002442359924316,5.637463808059692,8.256155252456665,0.9363799095153809,4.567571640014648,8.177891969680786,0.9329137802124023,4.516890048980713,8.116014957427979,0.9253549575805664,4.489028692245483,8.112786054611206,0.9260163307189941,4.492061138153076,
2024-12-11 12:53:42,ogbn-papers100M,8192,nbr,12000000,0,5.076294422149658,0.37049221992492676,3.2986955642700195,3.982494592666626,0.3737833499908447,2.217478036880493,3.9067282676696777,0.373340368270874,2.2081282138824463,3.900601863861084,0.3737654685974121,2.206166982650757,3.9637393951416016,0.37330055236816406,2.2002978324890137,
2024-12-11 12:54:54,ogbn-papers100M,1024,nbr,12000000,0,9.084650993347168,0.88533616065979,4.79768443107605,8.103584289550781,0.8546788692474365,3.846468448638916,8.157471179962158,0.8552556037902832,3.8612825870513916,8.127608060836792,0.8536560535430908,3.8530590534210205,8.114455223083496,0.8536663055419922,3.8499107360839844,
2024-12-11 14:52:55,igb-large,8192,nbr,80449000,0,79.30386209487915,14.661848783493042,27.422350883483887,77.23673439025879,14.629727602005005,25.433807373046875,77.34330105781555,14.646352529525757,25.481828212738037,77.53583693504333,14.650032043457031,25.484193086624146,77.24892115592957,14.629614353179932,25.47644829750061,
2024-12-11 15:00:13,igb-large,1024,nbr,80449000,0,255.90183186531067,32.06828761100769,122.32388925552368,263.2843050956726,32.30655765533447,126.38761281967163,263.9978437423706,32.283958196640015,127.14735794067383,265.53866481781006,32.40563750267029,128.34413981437683,265.18921065330505,32.38793396949768,127.96525359153748,
