2024-11-23 22:38:33,friendster,8192,nbr,12000000,0,5.296190704345704,4.950873660087584,4.413764768600464,4.325288093566894,4.871108186244965,
2024-11-23 22:40:19,friendster,1024,nbr,12000000,0,7.7339787950515735,6.452682306766506,7.769948298454287,6.497624228954307,7.760453437328339,
2024-11-23 22:47:37,twitter,8192,nbr,12000000,0,4.292523489475251,2.980553215980531,3.2241043629646304,3.2149837141036994,2.974641315460204,
2024-11-23 22:48:52,twitter,1024,nbr,12000000,0,7.415331969261174,6.1771680693626285,6.225664834022525,6.149546781539918,6.108825913906097,
2024-11-23 22:54:34,ogbn-papers100M,8192,nbr,12000000,0,3.707062005996705,2.792578039169312,2.641889195442197,3.111981675148012,2.6924648728370664,
2024-11-23 22:55:54,ogbn-papers100M,1024,nbr,12000000,0,6.631168870925913,5.350517065286639,6.059558839797959,5.951147473573687,6.000121980905529,

# E, T, E+T, ....
2024-11-25 21:48:11,friendster,8192,nbr,12000000,0,1.1523800008296963,4.548489055633547,5.709256144046785,0.8133430701494219,3.2690872130393975,4.09065226173401,0.7992634843587874,3.252188416004181,4.059713923454285,0.8127460166215895,3.2719682850837692,4.093075994968417,1.3682363358736032,3.252416576385498,4.628962876319885,
2024-11-25 21:49:52,friendster,1024,nbr,12000000,0,2.076815583586692,5.642056219816202,7.781493878364563,1.7226384624838815,4.733854088783268,6.5183848919868455,1.7167043508887319,4.777872421503074,6.557974822998042,1.7017179813385062,4.7924398436546305,6.555114185810094,1.7235378560423829,4.836447956085205,6.623988418579103,
2024-11-25 21:56:52,twitter,8192,nbr,12000000,0,1.111959519147873,3.1776927185058583,4.2976737914085374,0.6931343998908995,2.286781376361846,2.987789633750916,0.682682433009148,2.2760777769088727,2.966649333477019,0.6820787177085875,2.2847505598068234,2.974608513832093,0.6836182388067245,2.2857949762344374,2.9772110080718988,
2024-11-25 21:58:06,twitter,1024,nbr,12000000,0,1.7715408306121836,5.65502440357208,7.49254899072648,1.3298811161518111,4.826813927173617,6.220110976696008,1.334566464662552,4.896862965583796,6.296386657714846,1.321908096671104,4.836548071861272,6.221390716075896,1.3381618578433994,4.89504611110687,6.299298461437221,
2024-11-25 22:04:48,ogbn-papers100M,8192,nbr,12000000,0,0.5625800662040708,3.131520977020263,3.702506694793702,0.41926665544509895,2.203731645584106,2.6312043199539197,0.40333030366897576,2.2271017303466776,2.638642302513121,0.43145772778987884,2.198249851226807,2.638064180374145,0.41444777667522453,2.1971579179763796,2.6199330258369438,
2024-11-25 22:06:08,ogbn-papers100M,1024,nbr,12000000,0,1.1725214725732787,5.213038892984395,6.457007598638537,0.979532703995705,4.27855110430717,5.3300656633377095,0.989195935606956,4.569676964521412,5.631567068576809,1.010433951795102,4.455047459840774,5.540494502544411,1.001850720524788,4.39693577337265,5.473707100152974,
2024-11-26 10:04:19,igb-large,8192,nbr,80449000,0,17.280545880913756,26.25997524571414,43.92895627737034,15.14998555785418,25.36682434964185,40.90183071899403,15.159035393893697,25.422771665573187,40.96579365491885,15.17181231671573,25.412009607076644,40.96912816047668,15.185838177978958,25.45794505333904,41.02903349423404,
2024-11-26 10:13:21,igb-large,1024,nbr,80449000,0,36.84293535619966,129.94349061477254,170.13458508491638,35.25244322270106,128.8134794621462,167.3900446667658,35.303120276391326,129.27993665516314,167.92299946832844,35.084282160758846,127.75508609306749,166.14390586495253,35.213569272339214,128.17803364121903,166.7150134396541,
2024-12-05 23:53:32,ogbn-papers100M,8192,nbr,12000000,0,0.5655723859071731,3.1289203581809986,3.702267813682555,1.0208544813394544,2.2005131464004504,3.229179007530212,0.40463811218738555,2.1951758365631107,2.6077269153594975,0.3952688009738923,2.7837026820182804,3.1868033547401424,0.39114921569824224,2.2029938559532174,2.6020284156799325,
