2024-12-14 20:32:30,friendster,8192,nbr,12000000,0,4.2540130615234375,0.6277146339416504,3.626298427581787,3.9660918712615967,0.6431148052215576,3.322977066040039,3.9576756954193115,0.6427526473999023,3.314923048019409,3.960584878921509,0.6446080207824707,3.315976858139038,3.966890573501587,0.6442577838897705,3.3226327896118164,
2024-12-14 20:33:56,friendster,8192,nbr,12000000,0,7.64765477180481,0.6755702495574951,4.57076621055603,6.4656219482421875,0.6907596588134766,3.351905345916748,6.569390296936035,0.6927642822265625,3.3413519859313965,6.525268316268921,0.6935665607452393,3.3413965702056885,6.481623649597168,0.6932380199432373,3.345095157623291,
2024-12-14 20:35:23,friendster,1024,nbr,12000000,0,6.273371696472168,1.440408706665039,4.832962989807129,6.138725519180298,1.4516351222991943,4.6870903968811035,6.174317836761475,1.45001220703125,4.724305629730225,6.191097021102905,1.448850154876709,4.742246866226196,6.19544529914856,1.4505791664123535,4.744866132736206,
2024-12-14 20:37:08,friendster,1024,nbr,12000000,0,11.624439001083374,1.5347726345062256,5.846709251403809,10.477138757705688,1.5504646301269531,4.71546196937561,10.50428056716919,1.5505082607269287,4.754258155822754,10.520634174346924,1.5475256443023682,4.764516115188599,10.525707244873047,1.54524564743042,4.773055076599121,
2024-12-14 20:44:32,twitter,8192,nbr,12000000,0,5.186136722564697,0.3457920551300049,3.899223804473877,3.9332473278045654,0.374157190322876,2.5732858180999756,3.9548556804656982,0.3751962184906006,2.566270112991333,3.9874134063720703,0.3751082420349121,2.565716028213501,3.977001905441284,0.3766331672668457,2.566502332687378,
2024-12-14 20:47:17,twitter,1024,nbr,12000000,0,9.046136379241943,0.8795385360717773,5.59882926940918,7.815958499908447,0.9109461307525635,4.367562294006348,7.81653356552124,0.9106972217559814,4.388735771179199,7.848973512649536,0.9109346866607666,4.407811403274536,7.851690292358398,0.9119484424591064,4.4122254848480225,
2024-12-14 20:54:23,ogbn-papers100M,8192,nbr,12000000,0,4.988362550735474,0.36919236183166504,3.277250051498413,3.870487928390503,0.37685227394104004,2.217775583267212,3.902784585952759,0.38367152214050293,2.213569164276123,3.8791027069091797,0.38081836700439453,2.213975667953491,3.8651437759399414,0.3783543109893799,2.2142934799194336,
2024-12-14 20:57:06,ogbn-papers100M,1024,nbr,12000000,0,8.986657857894897,0.87957763671875,4.723505973815918,7.992952108383179,0.848059892654419,3.799694538116455,8.02574896812439,0.8503503799438477,3.8328824043273926,8.043793439865112,0.8511767387390137,3.83500337600708,8.021456718444824,0.8501846790313721,3.834216833114624,

===========================================================================================
2024-12-15 09:14:01,friendster,8192,nbr,12000000,0,1.1576824319362646,4.12388459300995,5.281567024946215,0.8195293104648592,3.2472627577781656,4.066792068243025,0.8082390093803404,3.250588011264802,4.0588270206451424,0.8073430724143985,3.2545917792320247,4.0619348516464235,0.8095932477712632,3.25723829460144,4.066831542372704,2024-12-15 09:23:58,friendster,8192,nbr,12000000,0,1.15551501083374,4.141833604812622,5.297348615646362,0.8195203164815903,3.2491055135726916,4.068625830054282,0.8117092474699026,3.2513992309570314,4.063108478426934,0.8054643806219098,3.253202395439148,4.058666776061058,0.8058993593454368,3.260285322666169,4.066184682011606,
2024-12-15 09:32:42,friendster,8192,nbr,12000000,0,1.152626653790474,4.1272772626876835,5.279903916478157,0.8156061458587655,3.2466292161941537,4.0622353620529195,0.8037760314941403,3.2511269421577436,4.054902973651884,0.8024518388509752,3.252662844657897,4.055114683508872,0.8033359695672986,3.2571480255126946,4.060483995079993,
2024-12-15 09:35:58,friendster,1024,nbr,12000000,0,1.964066946208476,5.631135648727431,7.595202594935907,1.618044510602951,4.730865055084228,6.34890956568718,1.6074668486714374,4.768329796075821,6.3757966447472585,1.6060077446699155,4.7838200347423605,6.3898277794122755,1.6072071685790994,4.794543293476102,6.401750462055201,
2024-12-15 09:47:25,twitter,8192,nbr,12000000,0,1.100048988580704,3.171138515949248,4.271187504529951,0.6824481912851333,2.268135088443756,2.9505832797288893,0.6732197746038437,2.2712673850059506,2.9444871596097943,0.6750362236499788,2.2778507533073427,2.9528869769573216,0.6745010508298873,2.280351714134216,2.954852764964103,
2024-12-15 09:50:13,twitter,1024,nbr,12000000,0,1.6298022391796096,5.379735558986665,7.009537798166274,1.2012968968152993,4.499797406673428,5.701094303488728,1.1926578876972191,4.52555704975128,5.718214937448499,1.1917732160091408,4.5138310751914945,5.705604291200635,1.194052258372307,4.5151573171615595,5.709209575533866,
2024-12-15 10:00:24,ogbn-papers100M,8192,nbr,12000000,0,0.5632158403396609,3.1125385928153984,3.6757544331550593,0.4211735359430312,2.2041832051277166,2.625356741070748,0.4026333438158037,2.206193534851074,2.6088268786668776,0.3944083524942396,2.2110330538749707,2.60544140636921,0.39261897492408765,2.21074764919281,2.603366624116898,
2024-12-15 10:03:12,ogbn-papers100M,1024,nbr,12000000,0,1.0320906248688704,4.748515083074566,5.780605707943437,0.8731753601431839,3.8426001582145703,4.715775518357754,0.8752354236841211,3.871063486337664,4.746298910021785,0.8755566410422321,3.868607777357102,4.744164418399334,0.8761443521976462,3.8695777888298046,4.745722141027451,
2024-12-15 11:29:23,twitter,8192,nbr,12000000,0,1.102411614775657,3.1765208368301403,4.278932451605797,0.6814872634410862,2.2853444862365726,2.9668317496776586,0.6731278730630874,2.2898825340271003,2.963010407090188,0.6731423367261882,2.3029028749465947,2.976045211672783,0.6731921266317368,2.303671258926391,2.976863385558128,
2024-12-15 11:32:06,twitter,1024,nbr,12000000,0,1.6216945923566837,5.397198030471802,7.018892622828486,1.1884099525213259,4.437393414020535,5.625803366541861,1.1852372806072236,4.467155972003935,5.652393252611159,1.1859923204183578,4.477652569293978,5.6636448897123355,1.1859813427925114,4.480857349872582,5.6668386926650935,
2024-12-15 12:02:12,ogbn-papers100M,8192,nbr,12000000,0,0.5602796487808231,3.1336681160926814,3.6939477648735046,0.41569843113422417,2.2137734379768377,2.629471869111062,0.40079123210906964,2.214181147098541,2.6149723792076105,0.39432092857360845,2.214677630901337,2.608998559474945,0.38906121611595157,2.2149611520767207,2.6040223681926724,
2024-12-15 12:04:54,ogbn-papers100M,1024,nbr,12000000,0,1.0445542715191842,4.966939474105831,6.011493745625016,0.8832689283490182,4.049198626995088,4.932467555344107,0.8829076485037815,4.05531465506554,4.938222303569321,0.8827432973384858,4.061360542535784,4.94410383987427,0.8830384960770611,4.071017377614981,4.954055873692043,
2024-12-15 17:16:59,igb-large,8192,nbr,80449000,0,17.055966017961516,26.37680074882503,43.43276676678654,15.167579131782066,25.53912716794015,40.706706299722214,15.153850528538209,25.52563342094425,40.67948394948246,15.15404553639889,25.522550812244514,40.6765963486434,15.140872224688549,25.51317370128634,40.65404592597489,
2024-12-15 17:24:04,igb-large,1024,nbr,80449000,0,32.901358583332545,116.70101864338034,149.6023772267129,31.56197215136976,116.0793611924641,147.64133334383388,31.581825428129278,116.34780005419216,147.92962548232146,31.581405867696642,116.21038588690534,147.79179175460197,31.61493323859684,116.7036873624315,148.31862060102833,
